rejection
     100      10.573383
     200      25.26375
     300      40.639198
     400      75.292729
     500      118.782512
     600      116.661211
     700      174.227129
     800      199.673888
     900      309.97953
     1000      282.478547
     1100      388.04195
     1200      428.604799
     1300      565.003897
     1400      510.508447
     1500      555.800862
     1600      644.560242
     1700      748.450693
     1800      1003.762447
     1900      866.215583
     2000      960.53223
pdcdsh
     100      2.647974
     200      4.690512
     300      4.255419
     400      6.660673
     500      8.800797
     600      7.871032
     700      7.499143
     800      12.459308
     900      12.642585
     1000      15.889295
     1100      14.978256
     1200      17.305146
     1300      22.32365
     1400      22.074462
     1500      24.576577
     1600      23.57829
     1700      23.671964
     1800      30.475359
     1900      29.439552
     2000      29.375678




save_rejection =  [10.573383, 25.26375, 40.639198, 75.292729, 118.782512, 116.661211, 174.227129, 199.673888, 309.97953, 282.478547, 388.04195, 428.604799, 565.003897, 510.508447, 555.800862, 644.560242, 748.450693, 1003.762447, 866.215583, 960.53223]
save_pdcdsh =  [2.647974, 4.690512, 4.255419, 6.660673, 8.800797, 7.871032, 7.499143, 12.459308, 12.642585, 15.889295, 14.978256, 17.305146, 22.32365, 22.074462, 24.576577, 23.57829, 23.671964, 30.475359, 29.439552, 29.375678]